

m_value = [-13, -12, -11, -10, -9, -8, -7, -6, -5, -4, -3, -2, -1, 0, 1, 2, 3, 4, 5, 6, 7, 8, 9, 10, 11, 12, 13]

list_5_13_5_13_1 = [0.0, 0.0, 0.0, 0.0, 0.0, 0.0, 0.0, 0.0, 0.0, 0.0, 0.0, 0.0, 0.025301011518099128, 0.0, 0.0, 0.0, 0.0, 0.0, 0.0, 0.0, 0.0, 0.0, 0.0, 0.0, 0.0, 0.0, 0.0]
list_5_13_5_13_2 = [0.0, 0.0, 0.0, 0.0, 0.0, 0.0, 0.0, 0.0, 0.0, 0.0, 0.0, 0.05957150653061857, 0.0, 0.0017255898495226539, 0.0, 0.0, 0.0, 0.0, 0.0, 0.0, 0.0, 0.0, 0.0, 0.0, 0.0, 0.0, 0.0]
list_5_13_5_13_3 = [0.0, 0.0, 0.0, 0.0, 0.0, 0.0, 0.0, 0.0, 0.0, 0.0, 0.23765987788383297, 0.0, 0.0025505361545109613, 0.0, 0.0, 0.0, 0.0, 0.0, 0.0, 0.0, 0.0, 0.0, 0.0, 0.0, 0.0, 0.0, 0.0]
list_5_13_5_13_4 = [0.0, 0.0, 0.0, 0.0, 0.0, 0.0, 0.0, 0.0, 0.0, 0.36070554996230986, 0.0, 0.0015199612399809837, 0.0, 1.7807381101445605e-05, 0.0, 0.0, 0.0, 0.0, 0.0, 0.0, 0.0, 0.0, 0.0, 0.0, 0.0, 0.0, 0.0]

list_5_13_5_12_1 = [0.0, 0.0, 0.0, 0.0, 0.0, 0.0, 0.0, 0.0, 0.0, 0.0, 0.0, 0.0, 0.0023045674933084093, 0.0, 0.0, 0.0, 0.0, 0.0, 0.0, 0.0, 0.0, 0.0, 0.0, 0.0, 0.0, 0.0, 0.0]
list_5_13_5_12_2 = [0.0, 0.0, 0.0, 0.0, 0.0, 0.0, 0.0, 0.0, 0.0, 0.0, 0.0, 0.004990001751281239, 0.0, 2.488515915069154e-05, 0.0, 0.0, 0.0, 0.0, 0.0, 0.0, 0.0, 0.0, 0.0, 0.0, 0.0, 0.0, 0.0]
list_5_13_5_12_3 = [0.0, 0.0, 0.0, 0.0, 0.0, 0.0, 0.0, 0.0, 0.0, 0.0, 0.30167806538833436, 0.0, 7.551334656337586e-06, 0.0, 0.0, 0.0, 0.0, 0.0, 0.0, 0.0, 0.0, 0.0, 0.0, 0.0, 0.0, 0.0, 0.0]
list_5_13_5_12_4 = [0.0, 0.0, 0.0, 0.0, 0.0, 0.0, 0.0, 0.0, 0.0, 0.569058929689492, 0.0, 2.7850483363764812e-05, 0.0, 1.8919167708105014e-08, 0.0, 0.0, 0.0, 0.0, 0.0, 0.0, 0.0, 0.0, 0.0, 0.0, 0.0, 0.0, 0.0]

list_5_13_1_13_1 = [0.0, 0.0, 0.0, 0.0, 0.0, 0.0, 0.0, 0.0, 0.0, 0.0, 0.0, 0.0, 0.040408241231241426, 0.0, 0.0, 0.0, 0.0, 0.0, 0.0, 0.0, 0.0, 0.0, 0.0, 0.0, 0.0, 0.0, 0.0]
list_5_13_1_13_2 = [0.0, 0.0, 0.0, 0.0, 0.0, 0.0, 0.0, 0.0, 0.0, 0.0, 0.0, 0.07133350738831952, 0.0, 0.000316336026570056, 0.0, 0.0, 0.0, 0.0, 0.0, 0.0, 0.0, 0.0, 0.0, 0.0, 0.0, 0.0, 0.0]
list_5_13_1_13_3 = [0.0, 0.0, 0.0, 0.0, 0.0, 0.0, 0.0, 0.0, 0.0, 0.0, 0.6274036649130307, 0.0, 0.0005309076526585313, 0.0, 0.0, 0.0, 0.0, 0.0, 0.0, 0.0, 0.0, 0.0, 0.0, 0.0, 0.0, 0.0, 0.0]
list_5_13_1_13_4 = [0.0, 0.0, 0.0, 0.0, 0.0, 0.0, 0.0, 0.0, 0.0, 0.16386349784568774, 0.0, 0.0001194429805842743, 0.0, 4.89808138291463e-07, 0.0, 0.0, 0.0, 0.0, 0.0, 0.0, 0.0, 0.0, 0.0, 0.0, 0.0, 0.0, 0.0]


dict_5_13_5_13_1 = dict(zip(m_value, list_5_13_5_13_1))
dict_5_13_5_13_2 = dict(zip(m_value, list_5_13_5_13_2))
dict_5_13_5_13_3 = dict(zip(m_value, list_5_13_5_13_3))
dict_5_13_5_13_4 = dict(zip(m_value, list_5_13_5_13_4))

dict_5_13_5_12_1 = dict(zip(m_value, list_5_13_5_12_1))
dict_5_13_5_12_2 = dict(zip(m_value, list_5_13_5_12_2))
dict_5_13_5_12_3 = dict(zip(m_value, list_5_13_5_12_3))
dict_5_13_5_12_4 = dict(zip(m_value, list_5_13_5_12_4))

dict_5_13_1_13_1 = dict(zip(m_value, list_5_13_1_13_1))
dict_5_13_1_13_2 = dict(zip(m_value, list_5_13_1_13_2))
dict_5_13_1_13_3 = dict(zip(m_value, list_5_13_1_13_3))
dict_5_13_1_13_4 = dict(zip(m_value, list_5_13_1_13_4))